image: sza1112_mdf_cut.pgm
resolution: 0.050000
origin: [-42.8, -10.6, 0.000000]
negate: 0
occupied_thresh: 0.65
free_thresh: 0.196

