image: szdk1102_mdf_cut.pgm
resolution: 0.050000
origin: [-3.4, -1.1, 0.000000]
negate: 0
occupied_thresh: 0.65
free_thresh: 0.196

