image: ygl1103_mdf_cut.pgm
resolution: 0.050000
origin: [-43.75, -19.8, 0.000000]
negate: 0
occupied_thresh: 0.65
free_thresh: 0.196

